# Selection : patch(Inlet)
# Faces  :    118
# Area   :    3.020701e-04
# Time        	sum(phi)
11500         	-1.510351e-03
11501         	-1.510351e-03
11502         	-1.510351e-03
11503         	-1.510351e-03
11504         	-1.510351e-03
11505         	-1.510351e-03
11506         	-1.510351e-03
11507         	-1.510351e-03
11508         	-1.510351e-03
11509         	-1.510351e-03
11510         	-1.510351e-03
11511         	-1.510351e-03
11512         	-1.510351e-03
11513         	-1.510351e-03
11514         	-1.510351e-03
11515         	-1.510351e-03
11516         	-1.510351e-03
11517         	-1.510351e-03
11518         	-1.510351e-03
11519         	-1.510351e-03
11520         	-1.510351e-03
11521         	-1.510351e-03
11522         	-1.510351e-03
11523         	-1.510351e-03
11524         	-1.510351e-03
11525         	-1.510351e-03
11526         	-1.510351e-03
11527         	-1.510351e-03
11528         	-1.510351e-03
11529         	-1.510351e-03
11530         	-1.510351e-03
11531         	-1.510351e-03
11532         	-1.510351e-03
11533         	-1.510351e-03
11534         	-1.510351e-03
11535         	-1.510351e-03
11536         	-1.510351e-03
11537         	-1.510351e-03
11538         	-1.510351e-03
11539         	-1.510351e-03
11540         	-1.510351e-03
11541         	-1.510351e-03
11542         	-1.510351e-03
11543         	-1.510351e-03
11544         	-1.510351e-03
11545         	-1.510351e-03
11546         	-1.510351e-03
11547         	-1.510351e-03
11548         	-1.510351e-03
11549         	-1.510351e-03
11550         	-1.510351e-03
11551         	-1.510351e-03
11552         	-1.510351e-03
11553         	-1.510351e-03
11554         	-1.510351e-03
11555         	-1.510351e-03
11556         	-1.510351e-03
11557         	-1.510351e-03
11558         	-1.510351e-03
11559         	-1.510351e-03
11560         	-1.510351e-03
11561         	-1.510351e-03
11562         	-1.510351e-03
11563         	-1.510351e-03
11564         	-1.510351e-03
11565         	-1.510351e-03
11566         	-1.510351e-03
11567         	-1.510351e-03
11568         	-1.510351e-03
11569         	-1.510351e-03
11570         	-1.510351e-03
11571         	-1.510351e-03
11572         	-1.510351e-03
11573         	-1.510351e-03
11574         	-1.510351e-03
11575         	-1.510351e-03
11576         	-1.510351e-03
11577         	-1.510351e-03
11578         	-1.510351e-03
11579         	-1.510351e-03
11580         	-1.510351e-03
11581         	-1.510351e-03
11582         	-1.510351e-03
11583         	-1.510351e-03
11584         	-1.510351e-03
11585         	-1.510351e-03
11586         	-1.510351e-03
11587         	-1.510351e-03
11588         	-1.510351e-03
11589         	-1.510351e-03
11590         	-1.510351e-03
11591         	-1.510351e-03
11592         	-1.510351e-03
11593         	-1.510351e-03
11594         	-1.510351e-03
11595         	-1.510351e-03
11596         	-1.510351e-03
11597         	-1.510351e-03
11598         	-1.510351e-03
11599         	-1.510351e-03
11600         	-1.510351e-03
11601         	-1.510351e-03
11602         	-1.510351e-03
11603         	-1.510351e-03
11604         	-1.510351e-03
11605         	-1.510351e-03
11606         	-1.510351e-03
11607         	-1.510351e-03
11608         	-1.510351e-03
11609         	-1.510351e-03
11610         	-1.510351e-03
11611         	-1.510351e-03
11612         	-1.510351e-03
11613         	-1.510351e-03
11614         	-1.510351e-03
11615         	-1.510351e-03
11616         	-1.510351e-03
11617         	-1.510351e-03
11618         	-1.510351e-03
11619         	-1.510351e-03
11620         	-1.510351e-03
11621         	-1.510351e-03
11622         	-1.510351e-03
11623         	-1.510351e-03
11624         	-1.510351e-03
11625         	-1.510351e-03
11626         	-1.510351e-03
11627         	-1.510351e-03
11628         	-1.510351e-03
11629         	-1.510351e-03
11630         	-1.510351e-03
11631         	-1.510351e-03
11632         	-1.510351e-03
11633         	-1.510351e-03
11634         	-1.510351e-03
11635         	-1.510351e-03
11636         	-1.510351e-03
11637         	-1.510351e-03
11638         	-1.510351e-03
11639         	-1.510351e-03
11640         	-1.510351e-03
11641         	-1.510351e-03
11642         	-1.510351e-03
11643         	-1.510351e-03
11644         	-1.510351e-03
11645         	-1.510351e-03
11646         	-1.510351e-03
11647         	-1.510351e-03
11648         	-1.510351e-03
11649         	-1.510351e-03
11650         	-1.510351e-03
11651         	-1.510351e-03
11652         	-1.510351e-03
11653         	-1.510351e-03
11654         	-1.510351e-03
11655         	-1.510351e-03
11656         	-1.510351e-03
11657         	-1.510351e-03
11658         	-1.510351e-03
11659         	-1.510351e-03
11660         	-1.510351e-03
11661         	-1.510351e-03
11662         	-1.510351e-03
11663         	-1.510351e-03
11664         	-1.510351e-03
11665         	-1.510351e-03
11666         	-1.510351e-03
11667         	-1.510351e-03
11668         	-1.510351e-03
11669         	-1.510351e-03
11670         	-1.510351e-03
11671         	-1.510351e-03
11672         	-1.510351e-03
11673         	-1.510351e-03
11674         	-1.510351e-03
11675         	-1.510351e-03
11676         	-1.510351e-03
11677         	-1.510351e-03
11678         	-1.510351e-03
11679         	-1.510351e-03
11680         	-1.510351e-03
11681         	-1.510351e-03
11682         	-1.510351e-03
11683         	-1.510351e-03
11684         	-1.510351e-03
11685         	-1.510351e-03
11686         	-1.510351e-03
11687         	-1.510351e-03
11688         	-1.510351e-03
11689         	-1.510351e-03
11690         	-1.510351e-03
11691         	-1.510351e-03
11692         	-1.510351e-03
11693         	-1.510351e-03
11694         	-1.510351e-03
11695         	-1.510351e-03
11696         	-1.510351e-03
11697         	-1.510351e-03
11698         	-1.510351e-03
11699         	-1.510351e-03
11700         	-1.510351e-03
11701         	-1.510351e-03
11702         	-1.510351e-03
11703         	-1.510351e-03
11704         	-1.510351e-03
11705         	-1.510351e-03
11706         	-1.510351e-03
11707         	-1.510351e-03
11708         	-1.510351e-03
11709         	-1.510351e-03
11710         	-1.510351e-03
11711         	-1.510351e-03
11712         	-1.510351e-03
11713         	-1.510351e-03
11714         	-1.510351e-03
11715         	-1.510351e-03
11716         	-1.510351e-03
11717         	-1.510351e-03
11718         	-1.510351e-03
11719         	-1.510351e-03
11720         	-1.510351e-03
11721         	-1.510351e-03
11722         	-1.510351e-03
11723         	-1.510351e-03
11724         	-1.510351e-03
11725         	-1.510351e-03
11726         	-1.510351e-03
11727         	-1.510351e-03
11728         	-1.510351e-03
11729         	-1.510351e-03
11730         	-1.510351e-03
11731         	-1.510351e-03
11732         	-1.510351e-03
11733         	-1.510351e-03
11734         	-1.510351e-03
11735         	-1.510351e-03
11736         	-1.510351e-03
11737         	-1.510351e-03
11738         	-1.510351e-03
11739         	-1.510351e-03
11740         	-1.510351e-03
11741         	-1.510351e-03
11742         	-1.510351e-03
11743         	-1.510351e-03
11744         	-1.510351e-03
11745         	-1.510351e-03
11746         	-1.510351e-03
11747         	-1.510351e-03
11748         	-1.510351e-03
11749         	-1.510351e-03
11750         	-1.510351e-03
11751         	-1.510351e-03
11752         	-1.510351e-03
11753         	-1.510351e-03
11754         	-1.510351e-03
11755         	-1.510351e-03
11756         	-1.510351e-03
11757         	-1.510351e-03
11758         	-1.510351e-03
11759         	-1.510351e-03
11760         	-1.510351e-03
11761         	-1.510351e-03
11762         	-1.510351e-03
11763         	-1.510351e-03
11764         	-1.510351e-03
11765         	-1.510351e-03
11766         	-1.510351e-03
11767         	-1.510351e-03
11768         	-1.510351e-03
11769         	-1.510351e-03
11770         	-1.510351e-03
11771         	-1.510351e-03
11772         	-1.510351e-03
11773         	-1.510351e-03
11774         	-1.510351e-03
11775         	-1.510351e-03
11776         	-1.510351e-03
11777         	-1.510351e-03
11778         	-1.510351e-03
11779         	-1.510351e-03
11780         	-1.510351e-03
11781         	-1.510351e-03
11782         	-1.510351e-03
11783         	-1.510351e-03
11784         	-1.510351e-03
11785         	-1.510351e-03
11786         	-1.510351e-03
11787         	-1.510351e-03
11788         	-1.510351e-03
11789         	-1.510351e-03
11790         	-1.510351e-03
11791         	-1.510351e-03
11792         	-1.510351e-03
11793         	-1.510351e-03
11794         	-1.510351e-03
11795         	-1.510351e-03
11796         	-1.510351e-03
11797         	-1.510351e-03
11798         	-1.510351e-03
11799         	-1.510351e-03
11800         	-1.510351e-03
11801         	-1.510351e-03
11802         	-1.510351e-03
11803         	-1.510351e-03
11804         	-1.510351e-03
11805         	-1.510351e-03
11806         	-1.510351e-03
11807         	-1.510351e-03
11808         	-1.510351e-03
11809         	-1.510351e-03
11810         	-1.510351e-03
11811         	-1.510351e-03
11812         	-1.510351e-03
11813         	-1.510351e-03
11814         	-1.510351e-03
11815         	-1.510351e-03
11816         	-1.510351e-03
11817         	-1.510351e-03
11818         	-1.510351e-03
11819         	-1.510351e-03
11820         	-1.510351e-03
11821         	-1.510351e-03
11822         	-1.510351e-03
11823         	-1.510351e-03
11824         	-1.510351e-03
11825         	-1.510351e-03
11826         	-1.510351e-03
11827         	-1.510351e-03
11828         	-1.510351e-03
11829         	-1.510351e-03
11830         	-1.510351e-03
11831         	-1.510351e-03
11832         	-1.510351e-03
11833         	-1.510351e-03
11834         	-1.510351e-03
11835         	-1.510351e-03
11836         	-1.510351e-03
11837         	-1.510351e-03
11838         	-1.510351e-03
11839         	-1.510351e-03
11840         	-1.510351e-03
11841         	-1.510351e-03
11842         	-1.510351e-03
11843         	-1.510351e-03
11844         	-1.510351e-03
11845         	-1.510351e-03
11846         	-1.510351e-03
11847         	-1.510351e-03
11848         	-1.510351e-03
11849         	-1.510351e-03
11850         	-1.510351e-03
11851         	-1.510351e-03
11852         	-1.510351e-03
11853         	-1.510351e-03
11854         	-1.510351e-03
11855         	-1.510351e-03
11856         	-1.510351e-03
11857         	-1.510351e-03
11858         	-1.510351e-03
11859         	-1.510351e-03
11860         	-1.510351e-03
11861         	-1.510351e-03
11862         	-1.510351e-03
11863         	-1.510351e-03
11864         	-1.510351e-03
11865         	-1.510351e-03
11866         	-1.510351e-03
11867         	-1.510351e-03
11868         	-1.510351e-03
11869         	-1.510351e-03
11870         	-1.510351e-03
11871         	-1.510351e-03
11872         	-1.510351e-03
11873         	-1.510351e-03
11874         	-1.510351e-03
11875         	-1.510351e-03
11876         	-1.510351e-03
11877         	-1.510351e-03
11878         	-1.510351e-03
11879         	-1.510351e-03
11880         	-1.510351e-03
11881         	-1.510351e-03
11882         	-1.510351e-03
11883         	-1.510351e-03
11884         	-1.510351e-03
11885         	-1.510351e-03
11886         	-1.510351e-03
11887         	-1.510351e-03
11888         	-1.510351e-03
11889         	-1.510351e-03
11890         	-1.510351e-03
11891         	-1.510351e-03
11892         	-1.510351e-03
11893         	-1.510351e-03
11894         	-1.510351e-03
11895         	-1.510351e-03
11896         	-1.510351e-03
11897         	-1.510351e-03
11898         	-1.510351e-03
11899         	-1.510351e-03
11900         	-1.510351e-03
11901         	-1.510351e-03
11902         	-1.510351e-03
11903         	-1.510351e-03
11904         	-1.510351e-03
11905         	-1.510351e-03
11906         	-1.510351e-03
11907         	-1.510351e-03
11908         	-1.510351e-03
11909         	-1.510351e-03
11910         	-1.510351e-03
11911         	-1.510351e-03
11912         	-1.510351e-03
11913         	-1.510351e-03
11914         	-1.510351e-03
11915         	-1.510351e-03
11916         	-1.510351e-03
11917         	-1.510351e-03
11918         	-1.510351e-03
11919         	-1.510351e-03
11920         	-1.510351e-03
11921         	-1.510351e-03
11922         	-1.510351e-03
11923         	-1.510351e-03
11924         	-1.510351e-03
11925         	-1.510351e-03
11926         	-1.510351e-03
11927         	-1.510351e-03
11928         	-1.510351e-03
11929         	-1.510351e-03
11930         	-1.510351e-03
11931         	-1.510351e-03
11932         	-1.510351e-03
11933         	-1.510351e-03
11934         	-1.510351e-03
11935         	-1.510351e-03
11936         	-1.510351e-03
11937         	-1.510351e-03
11938         	-1.510351e-03
11939         	-1.510351e-03
11940         	-1.510351e-03
11941         	-1.510351e-03
11942         	-1.510351e-03
11943         	-1.510351e-03
11944         	-1.510351e-03
11945         	-1.510351e-03
11946         	-1.510351e-03
11947         	-1.510351e-03
11948         	-1.510351e-03
11949         	-1.510351e-03
11950         	-1.510351e-03
11951         	-1.510351e-03
11952         	-1.510351e-03
11953         	-1.510351e-03
11954         	-1.510351e-03
11955         	-1.510351e-03
11956         	-1.510351e-03
11957         	-1.510351e-03
11958         	-1.510351e-03
11959         	-1.510351e-03
11960         	-1.510351e-03
11961         	-1.510351e-03
11962         	-1.510351e-03
11963         	-1.510351e-03
11964         	-1.510351e-03
11965         	-1.510351e-03
11966         	-1.510351e-03
11967         	-1.510351e-03
11968         	-1.510351e-03
11969         	-1.510351e-03
11970         	-1.510351e-03
11971         	-1.510351e-03
11972         	-1.510351e-03
11973         	-1.510351e-03
11974         	-1.510351e-03
11975         	-1.510351e-03
11976         	-1.510351e-03
11977         	-1.510351e-03
11978         	-1.510351e-03
11979         	-1.510351e-03
11980         	-1.510351e-03
11981         	-1.510351e-03
11982         	-1.510351e-03
11983         	-1.510351e-03
11984         	-1.510351e-03
11985         	-1.510351e-03
11986         	-1.510351e-03
11987         	-1.510351e-03
11988         	-1.510351e-03
11989         	-1.510351e-03
11990         	-1.510351e-03
11991         	-1.510351e-03
11992         	-1.510351e-03
11993         	-1.510351e-03
11994         	-1.510351e-03
11995         	-1.510351e-03
11996         	-1.510351e-03
11997         	-1.510351e-03
11998         	-1.510351e-03
11999         	-1.510351e-03
12000         	-1.510351e-03
12001         	-1.510351e-03
12002         	-1.510351e-03
12003         	-1.510351e-03
12004         	-1.510351e-03
12005         	-1.510351e-03
12006         	-1.510351e-03
12007         	-1.510351e-03
12008         	-1.510351e-03
12009         	-1.510351e-03
12010         	-1.510351e-03
12011         	-1.510351e-03
12012         	-1.510351e-03
12013         	-1.510351e-03
12014         	-1.510351e-03
12015         	-1.510351e-03
12016         	-1.510351e-03
12017         	-1.510351e-03
12018         	-1.510351e-03
12019         	-1.510351e-03
12020         	-1.510351e-03
12021         	-1.510351e-03
12022         	-1.510351e-03
12023         	-1.510351e-03
12024         	-1.510351e-03
12025         	-1.510351e-03
12026         	-1.510351e-03
12027         	-1.510351e-03
12028         	-1.510351e-03
12029         	-1.510351e-03
12030         	-1.510351e-03
12031         	-1.510351e-03
12032         	-1.510351e-03
12033         	-1.510351e-03
12034         	-1.510351e-03
12035         	-1.510351e-03
12036         	-1.510351e-03
12037         	-1.510351e-03
12038         	-1.510351e-03
12039         	-1.510351e-03
12040         	-1.510351e-03
12041         	-1.510351e-03
12042         	-1.510351e-03
12043         	-1.510351e-03
12044         	-1.510351e-03
12045         	-1.510351e-03
12046         	-1.510351e-03
12047         	-1.510351e-03
12048         	-1.510351e-03
12049         	-1.510351e-03
12050         	-1.510351e-03
12051         	-1.510351e-03
12052         	-1.510351e-03
12053         	-1.510351e-03
12054         	-1.510351e-03
12055         	-1.510351e-03
12056         	-1.510351e-03
12057         	-1.510351e-03
12058         	-1.510351e-03
12059         	-1.510351e-03
12060         	-1.510351e-03
12061         	-1.510351e-03
12062         	-1.510351e-03
12063         	-1.510351e-03
12064         	-1.510351e-03
12065         	-1.510351e-03
12066         	-1.510351e-03
12067         	-1.510351e-03
12068         	-1.510351e-03
12069         	-1.510351e-03
12070         	-1.510351e-03
12071         	-1.510351e-03
12072         	-1.510351e-03
12073         	-1.510351e-03
12074         	-1.510351e-03
12075         	-1.510351e-03
12076         	-1.510351e-03
12077         	-1.510351e-03
12078         	-1.510351e-03
12079         	-1.510351e-03
12080         	-1.510351e-03
12081         	-1.510351e-03
12082         	-1.510351e-03
12083         	-1.510351e-03
12084         	-1.510351e-03
12085         	-1.510351e-03
12086         	-1.510351e-03
12087         	-1.510351e-03
12088         	-1.510351e-03
12089         	-1.510351e-03
12090         	-1.510351e-03
12091         	-1.510351e-03
12092         	-1.510351e-03
12093         	-1.510351e-03
12094         	-1.510351e-03
12095         	-1.510351e-03
12096         	-1.510351e-03
12097         	-1.510351e-03
12098         	-1.510351e-03
12099         	-1.510351e-03
12100         	-1.510351e-03
12101         	-1.510351e-03
12102         	-1.510351e-03
12103         	-1.510351e-03
12104         	-1.510351e-03
12105         	-1.510351e-03
12106         	-1.510351e-03
12107         	-1.510351e-03
12108         	-1.510351e-03
12109         	-1.510351e-03
12110         	-1.510351e-03
12111         	-1.510351e-03
12112         	-1.510351e-03
12113         	-1.510351e-03
12114         	-1.510351e-03
12115         	-1.510351e-03
12116         	-1.510351e-03
12117         	-1.510351e-03
12118         	-1.510351e-03
12119         	-1.510351e-03
12120         	-1.510351e-03
12121         	-1.510351e-03
12122         	-1.510351e-03
12123         	-1.510351e-03
12124         	-1.510351e-03
12125         	-1.510351e-03
12126         	-1.510351e-03
12127         	-1.510351e-03
12128         	-1.510351e-03
12129         	-1.510351e-03
12130         	-1.510351e-03
12131         	-1.510351e-03
12132         	-1.510351e-03
12133         	-1.510351e-03
12134         	-1.510351e-03
12135         	-1.510351e-03
12136         	-1.510351e-03
12137         	-1.510351e-03
12138         	-1.510351e-03
12139         	-1.510351e-03
12140         	-1.510351e-03
12141         	-1.510351e-03
12142         	-1.510351e-03
12143         	-1.510351e-03
12144         	-1.510351e-03
12145         	-1.510351e-03
12146         	-1.510351e-03
12147         	-1.510351e-03
12148         	-1.510351e-03
12149         	-1.510351e-03
12150         	-1.510351e-03
12151         	-1.510351e-03
12152         	-1.510351e-03
12153         	-1.510351e-03
12154         	-1.510351e-03
12155         	-1.510351e-03
12156         	-1.510351e-03
12157         	-1.510351e-03
12158         	-1.510351e-03
12159         	-1.510351e-03
12160         	-1.510351e-03
12161         	-1.510351e-03
12162         	-1.510351e-03
12163         	-1.510351e-03
12164         	-1.510351e-03
12165         	-1.510351e-03
12166         	-1.510351e-03
12167         	-1.510351e-03
12168         	-1.510351e-03
12169         	-1.510351e-03
12170         	-1.510351e-03
12171         	-1.510351e-03
12172         	-1.510351e-03
12173         	-1.510351e-03
12174         	-1.510351e-03
12175         	-1.510351e-03
12176         	-1.510351e-03
12177         	-1.510351e-03
12178         	-1.510351e-03
12179         	-1.510351e-03
12180         	-1.510351e-03
12181         	-1.510351e-03
12182         	-1.510351e-03
12183         	-1.510351e-03
12184         	-1.510351e-03
12185         	-1.510351e-03
12186         	-1.510351e-03
12187         	-1.510351e-03
12188         	-1.510351e-03
12189         	-1.510351e-03
12190         	-1.510351e-03
12191         	-1.510351e-03
12192         	-1.510351e-03
12193         	-1.510351e-03
12194         	-1.510351e-03
12195         	-1.510351e-03
12196         	-1.510351e-03
12197         	-1.510351e-03
12198         	-1.510351e-03
12199         	-1.510351e-03
12200         	-1.510351e-03
12201         	-1.510351e-03
12202         	-1.510351e-03
12203         	-1.510351e-03
12204         	-1.510351e-03
12205         	-1.510351e-03
12206         	-1.510351e-03
12207         	-1.510351e-03
12208         	-1.510351e-03
12209         	-1.510351e-03
12210         	-1.510351e-03
12211         	-1.510351e-03
12212         	-1.510351e-03
12213         	-1.510351e-03
12214         	-1.510351e-03
12215         	-1.510351e-03
12216         	-1.510351e-03
12217         	-1.510351e-03
12218         	-1.510351e-03
12219         	-1.510351e-03
12220         	-1.510351e-03
12221         	-1.510351e-03
12222         	-1.510351e-03
12223         	-1.510351e-03
12224         	-1.510351e-03
12225         	-1.510351e-03
12226         	-1.510351e-03
12227         	-1.510351e-03
12228         	-1.510351e-03
12229         	-1.510351e-03
12230         	-1.510351e-03
12231         	-1.510351e-03
12232         	-1.510351e-03
12233         	-1.510351e-03
12234         	-1.510351e-03
12235         	-1.510351e-03
12236         	-1.510351e-03
12237         	-1.510351e-03
12238         	-1.510351e-03
12239         	-1.510351e-03
12240         	-1.510351e-03
12241         	-1.510351e-03
12242         	-1.510351e-03
12243         	-1.510351e-03
12244         	-1.510351e-03
12245         	-1.510351e-03
12246         	-1.510351e-03
12247         	-1.510351e-03
12248         	-1.510351e-03
12249         	-1.510351e-03
12250         	-1.510351e-03
12251         	-1.510351e-03
12252         	-1.510351e-03
12253         	-1.510351e-03
12254         	-1.510351e-03
12255         	-1.510351e-03
12256         	-1.510351e-03
12257         	-1.510351e-03
12258         	-1.510351e-03
12259         	-1.510351e-03
12260         	-1.510351e-03
12261         	-1.510351e-03
12262         	-1.510351e-03
12263         	-1.510351e-03
12264         	-1.510351e-03
12265         	-1.510351e-03
12266         	-1.510351e-03
12267         	-1.510351e-03
12268         	-1.510351e-03
12269         	-1.510351e-03
12270         	-1.510351e-03
12271         	-1.510351e-03
12272         	-1.510351e-03
12273         	-1.510351e-03
12274         	-1.510351e-03
12275         	-1.510351e-03
12276         	-1.510351e-03
12277         	-1.510351e-03
12278         	-1.510351e-03
12279         	-1.510351e-03
12280         	-1.510351e-03
12281         	-1.510351e-03
12282         	-1.510351e-03
12283         	-1.510351e-03
12284         	-1.510351e-03
12285         	-1.510351e-03
12286         	-1.510351e-03
12287         	-1.510351e-03
12288         	-1.510351e-03
12289         	-1.510351e-03
12290         	-1.510351e-03
12291         	-1.510351e-03
12292         	-1.510351e-03
12293         	-1.510351e-03
12294         	-1.510351e-03
12295         	-1.510351e-03
12296         	-1.510351e-03
12297         	-1.510351e-03
12298         	-1.510351e-03
12299         	-1.510351e-03
12300         	-1.510351e-03
12301         	-1.510351e-03
12302         	-1.510351e-03
12303         	-1.510351e-03
12304         	-1.510351e-03
12305         	-1.510351e-03
12306         	-1.510351e-03
12307         	-1.510351e-03
12308         	-1.510351e-03
12309         	-1.510351e-03
12310         	-1.510351e-03
12311         	-1.510351e-03
12312         	-1.510351e-03
12313         	-1.510351e-03
12314         	-1.510351e-03
12315         	-1.510351e-03
12316         	-1.510351e-03
12317         	-1.510351e-03
12318         	-1.510351e-03
12319         	-1.510351e-03
12320         	-1.510351e-03
12321         	-1.510351e-03
12322         	-1.510351e-03
12323         	-1.510351e-03
12324         	-1.510351e-03
12325         	-1.510351e-03
12326         	-1.510351e-03
12327         	-1.510351e-03
12328         	-1.510351e-03
12329         	-1.510351e-03
12330         	-1.510351e-03
12331         	-1.510351e-03
12332         	-1.510351e-03
12333         	-1.510351e-03
12334         	-1.510351e-03
12335         	-1.510351e-03
12336         	-1.510351e-03
12337         	-1.510351e-03
12338         	-1.510351e-03
12339         	-1.510351e-03
12340         	-1.510351e-03
12341         	-1.510351e-03
12342         	-1.510351e-03
12343         	-1.510351e-03
12344         	-1.510351e-03
12345         	-1.510351e-03
12346         	-1.510351e-03
12347         	-1.510351e-03
12348         	-1.510351e-03
12349         	-1.510351e-03
12350         	-1.510351e-03
12351         	-1.510351e-03
12352         	-1.510351e-03
12353         	-1.510351e-03
12354         	-1.510351e-03
12355         	-1.510351e-03
12356         	-1.510351e-03
12357         	-1.510351e-03
12358         	-1.510351e-03
12359         	-1.510351e-03
12360         	-1.510351e-03
12361         	-1.510351e-03
12362         	-1.510351e-03
12363         	-1.510351e-03
12364         	-1.510351e-03
12365         	-1.510351e-03
12366         	-1.510351e-03
12367         	-1.510351e-03
12368         	-1.510351e-03
12369         	-1.510351e-03
12370         	-1.510351e-03
12371         	-1.510351e-03
12372         	-1.510351e-03
12373         	-1.510351e-03
12374         	-1.510351e-03
12375         	-1.510351e-03
12376         	-1.510351e-03
12377         	-1.510351e-03
12378         	-1.510351e-03
12379         	-1.510351e-03
12380         	-1.510351e-03
12381         	-1.510351e-03
12382         	-1.510351e-03
12383         	-1.510351e-03
12384         	-1.510351e-03
12385         	-1.510351e-03
12386         	-1.510351e-03
12387         	-1.510351e-03
12388         	-1.510351e-03
12389         	-1.510351e-03
12390         	-1.510351e-03
12391         	-1.510351e-03
12392         	-1.510351e-03
12393         	-1.510351e-03
12394         	-1.510351e-03
12395         	-1.510351e-03
12396         	-1.510351e-03
12397         	-1.510351e-03
12398         	-1.510351e-03
12399         	-1.510351e-03
12400         	-1.510351e-03
12401         	-1.510351e-03
12402         	-1.510351e-03
12403         	-1.510351e-03
12404         	-1.510351e-03
12405         	-1.510351e-03
12406         	-1.510351e-03
12407         	-1.510351e-03
12408         	-1.510351e-03
12409         	-1.510351e-03
12410         	-1.510351e-03
12411         	-1.510351e-03
12412         	-1.510351e-03
12413         	-1.510351e-03
12414         	-1.510351e-03
12415         	-1.510351e-03
12416         	-1.510351e-03
12417         	-1.510351e-03
12418         	-1.510351e-03
12419         	-1.510351e-03
12420         	-1.510351e-03
12421         	-1.510351e-03
12422         	-1.510351e-03
12423         	-1.510351e-03
12424         	-1.510351e-03
12425         	-1.510351e-03
12426         	-1.510351e-03
12427         	-1.510351e-03
12428         	-1.510351e-03
12429         	-1.510351e-03
12430         	-1.510351e-03
12431         	-1.510351e-03
12432         	-1.510351e-03
12433         	-1.510351e-03
12434         	-1.510351e-03
12435         	-1.510351e-03
12436         	-1.510351e-03
12437         	-1.510351e-03
12438         	-1.510351e-03
12439         	-1.510351e-03
12440         	-1.510351e-03
12441         	-1.510351e-03
12442         	-1.510351e-03
12443         	-1.510351e-03
12444         	-1.510351e-03
12445         	-1.510351e-03
12446         	-1.510351e-03
12447         	-1.510351e-03
12448         	-1.510351e-03
12449         	-1.510351e-03
12450         	-1.510351e-03
12451         	-1.510351e-03
12452         	-1.510351e-03
12453         	-1.510351e-03
12454         	-1.510351e-03
12455         	-1.510351e-03
12456         	-1.510351e-03
12457         	-1.510351e-03
12458         	-1.510351e-03
12459         	-1.510351e-03
12460         	-1.510351e-03
12461         	-1.510351e-03
12462         	-1.510351e-03
12463         	-1.510351e-03
12464         	-1.510351e-03
12465         	-1.510351e-03
12466         	-1.510351e-03
12467         	-1.510351e-03
12468         	-1.510351e-03
12469         	-1.510351e-03
12470         	-1.510351e-03
12471         	-1.510351e-03
12472         	-1.510351e-03
12473         	-1.510351e-03
12474         	-1.510351e-03
12475         	-1.510351e-03
12476         	-1.510351e-03
12477         	-1.510351e-03
12478         	-1.510351e-03
12479         	-1.510351e-03
12480         	-1.510351e-03
12481         	-1.510351e-03
12482         	-1.510351e-03
12483         	-1.510351e-03
12484         	-1.510351e-03
12485         	-1.510351e-03
12486         	-1.510351e-03
12487         	-1.510351e-03
12488         	-1.510351e-03
12489         	-1.510351e-03
12490         	-1.510351e-03
12491         	-1.510351e-03
12492         	-1.510351e-03
12493         	-1.510351e-03
12494         	-1.510351e-03
12495         	-1.510351e-03
12496         	-1.510351e-03
12497         	-1.510351e-03
12498         	-1.510351e-03
12499         	-1.510351e-03
12500         	-1.510351e-03
12501         	-1.510351e-03
12502         	-1.510351e-03
12503         	-1.510351e-03
12504         	-1.510351e-03
12505         	-1.510351e-03
12506         	-1.510351e-03
12507         	-1.510351e-03
12508         	-1.510351e-03
12509         	-1.510351e-03
12510         	-1.510351e-03
12511         	-1.510351e-03
12512         	-1.510351e-03
12513         	-1.510351e-03
12514         	-1.510351e-03
12515         	-1.510351e-03
12516         	-1.510351e-03
12517         	-1.510351e-03
12518         	-1.510351e-03
12519         	-1.510351e-03
12520         	-1.510351e-03
12521         	-1.510351e-03
12522         	-1.510351e-03
12523         	-1.510351e-03
12524         	-1.510351e-03
12525         	-1.510351e-03
12526         	-1.510351e-03
12527         	-1.510351e-03
12528         	-1.510351e-03
12529         	-1.510351e-03
12530         	-1.510351e-03
12531         	-1.510351e-03
12532         	-1.510351e-03
12533         	-1.510351e-03
12534         	-1.510351e-03
12535         	-1.510351e-03
12536         	-1.510351e-03
12537         	-1.510351e-03
12538         	-1.510351e-03
12539         	-1.510351e-03
12540         	-1.510351e-03
12541         	-1.510351e-03
12542         	-1.510351e-03
12543         	-1.510351e-03
12544         	-1.510351e-03
12545         	-1.510351e-03
12546         	-1.510351e-03
12547         	-1.510351e-03
12548         	-1.510351e-03
12549         	-1.510351e-03
12550         	-1.510351e-03
12551         	-1.510351e-03
12552         	-1.510351e-03
12553         	-1.510351e-03
12554         	-1.510351e-03
12555         	-1.510351e-03
12556         	-1.510351e-03
12557         	-1.510351e-03
12558         	-1.510351e-03
12559         	-1.510351e-03
12560         	-1.510351e-03
12561         	-1.510351e-03
12562         	-1.510351e-03
12563         	-1.510351e-03
12564         	-1.510351e-03
12565         	-1.510351e-03
12566         	-1.510351e-03
12567         	-1.510351e-03
12568         	-1.510351e-03
12569         	-1.510351e-03
12570         	-1.510351e-03
12571         	-1.510351e-03
12572         	-1.510351e-03
12573         	-1.510351e-03
12574         	-1.510351e-03
12575         	-1.510351e-03
12576         	-1.510351e-03
12577         	-1.510351e-03
12578         	-1.510351e-03
12579         	-1.510351e-03
12580         	-1.510351e-03
12581         	-1.510351e-03
12582         	-1.510351e-03
12583         	-1.510351e-03
12584         	-1.510351e-03
12585         	-1.510351e-03
12586         	-1.510351e-03
12587         	-1.510351e-03
12588         	-1.510351e-03
12589         	-1.510351e-03
12590         	-1.510351e-03
12591         	-1.510351e-03
12592         	-1.510351e-03
12593         	-1.510351e-03
12594         	-1.510351e-03
12595         	-1.510351e-03
12596         	-1.510351e-03
12597         	-1.510351e-03
12598         	-1.510351e-03
12599         	-1.510351e-03
12600         	-1.510351e-03
12601         	-1.510351e-03
12602         	-1.510351e-03
12603         	-1.510351e-03
12604         	-1.510351e-03
12605         	-1.510351e-03
12606         	-1.510351e-03
12607         	-1.510351e-03
12608         	-1.510351e-03
12609         	-1.510351e-03
12610         	-1.510351e-03
12611         	-1.510351e-03
12612         	-1.510351e-03
12613         	-1.510351e-03
12614         	-1.510351e-03
12615         	-1.510351e-03
12616         	-1.510351e-03
12617         	-1.510351e-03
12618         	-1.510351e-03
12619         	-1.510351e-03
12620         	-1.510351e-03
12621         	-1.510351e-03
12622         	-1.510351e-03
12623         	-1.510351e-03
12624         	-1.510351e-03
12625         	-1.510351e-03
12626         	-1.510351e-03
12627         	-1.510351e-03
12628         	-1.510351e-03
12629         	-1.510351e-03
12630         	-1.510351e-03
12631         	-1.510351e-03
12632         	-1.510351e-03
12633         	-1.510351e-03
12634         	-1.510351e-03
12635         	-1.510351e-03
12636         	-1.510351e-03
12637         	-1.510351e-03
12638         	-1.510351e-03
12639         	-1.510351e-03
12640         	-1.510351e-03
12641         	-1.510351e-03
12642         	-1.510351e-03
12643         	-1.510351e-03
12644         	-1.510351e-03
12645         	-1.510351e-03
12646         	-1.510351e-03
12647         	-1.510351e-03
12648         	-1.510351e-03
12649         	-1.510351e-03
12650         	-1.510351e-03
12651         	-1.510351e-03
12652         	-1.510351e-03
12653         	-1.510351e-03
12654         	-1.510351e-03
12655         	-1.510351e-03
12656         	-1.510351e-03
12657         	-1.510351e-03
12658         	-1.510351e-03
12659         	-1.510351e-03
12660         	-1.510351e-03
12661         	-1.510351e-03
12662         	-1.510351e-03
12663         	-1.510351e-03
12664         	-1.510351e-03
12665         	-1.510351e-03
12666         	-1.510351e-03
12667         	-1.510351e-03
12668         	-1.510351e-03
12669         	-1.510351e-03
12670         	-1.510351e-03
12671         	-1.510351e-03
12672         	-1.510351e-03
12673         	-1.510351e-03
12674         	-1.510351e-03
12675         	-1.510351e-03
12676         	-1.510351e-03
12677         	-1.510351e-03
12678         	-1.510351e-03
12679         	-1.510351e-03
12680         	-1.510351e-03
12681         	-1.510351e-03
12682         	-1.510351e-03
12683         	-1.510351e-03
12684         	-1.510351e-03
12685         	-1.510351e-03
12686         	-1.510351e-03
12687         	-1.510351e-03
12688         	-1.510351e-03
12689         	-1.510351e-03
12690         	-1.510351e-03
12691         	-1.510351e-03
12692         	-1.510351e-03
12693         	-1.510351e-03
12694         	-1.510351e-03
12695         	-1.510351e-03
12696         	-1.510351e-03
12697         	-1.510351e-03
12698         	-1.510351e-03
12699         	-1.510351e-03
12700         	-1.510351e-03
12701         	-1.510351e-03
12702         	-1.510351e-03
12703         	-1.510351e-03
12704         	-1.510351e-03
12705         	-1.510351e-03
12706         	-1.510351e-03
12707         	-1.510351e-03
12708         	-1.510351e-03
12709         	-1.510351e-03
12710         	-1.510351e-03
12711         	-1.510351e-03
12712         	-1.510351e-03
12713         	-1.510351e-03
12714         	-1.510351e-03
12715         	-1.510351e-03
12716         	-1.510351e-03
12717         	-1.510351e-03
12718         	-1.510351e-03
12719         	-1.510351e-03
12720         	-1.510351e-03
12721         	-1.510351e-03
12722         	-1.510351e-03
12723         	-1.510351e-03
12724         	-1.510351e-03
12725         	-1.510351e-03
12726         	-1.510351e-03
12727         	-1.510351e-03
12728         	-1.510351e-03
12729         	-1.510351e-03
12730         	-1.510351e-03
12731         	-1.510351e-03
12732         	-1.510351e-03
12733         	-1.510351e-03
12734         	-1.510351e-03
12735         	-1.510351e-03
12736         	-1.510351e-03
12737         	-1.510351e-03
12738         	-1.510351e-03
12739         	-1.510351e-03
12740         	-1.510351e-03
12741         	-1.510351e-03
12742         	-1.510351e-03
12743         	-1.510351e-03
12744         	-1.510351e-03
12745         	-1.510351e-03
12746         	-1.510351e-03
12747         	-1.510351e-03
12748         	-1.510351e-03
12749         	-1.510351e-03
12750         	-1.510351e-03
12751         	-1.510351e-03
12752         	-1.510351e-03
12753         	-1.510351e-03
12754         	-1.510351e-03
12755         	-1.510351e-03
12756         	-1.510351e-03
12757         	-1.510351e-03
12758         	-1.510351e-03
12759         	-1.510351e-03
12760         	-1.510351e-03
12761         	-1.510351e-03
12762         	-1.510351e-03
12763         	-1.510351e-03
12764         	-1.510351e-03
12765         	-1.510351e-03
12766         	-1.510351e-03
12767         	-1.510351e-03
12768         	-1.510351e-03
12769         	-1.510351e-03
12770         	-1.510351e-03
12771         	-1.510351e-03
12772         	-1.510351e-03
12773         	-1.510351e-03
12774         	-1.510351e-03
12775         	-1.510351e-03
12776         	-1.510351e-03
12777         	-1.510351e-03
12778         	-1.510351e-03
12779         	-1.510351e-03
12780         	-1.510351e-03
12781         	-1.510351e-03
12782         	-1.510351e-03
12783         	-1.510351e-03
12784         	-1.510351e-03
12785         	-1.510351e-03
12786         	-1.510351e-03
12787         	-1.510351e-03
12788         	-1.510351e-03
12789         	-1.510351e-03
12790         	-1.510351e-03
12791         	-1.510351e-03
12792         	-1.510351e-03
12793         	-1.510351e-03
12794         	-1.510351e-03
12795         	-1.510351e-03
12796         	-1.510351e-03
12797         	-1.510351e-03
12798         	-1.510351e-03
12799         	-1.510351e-03
12800         	-1.510351e-03
12801         	-1.510351e-03
12802         	-1.510351e-03
12803         	-1.510351e-03
12804         	-1.510351e-03
12805         	-1.510351e-03
12806         	-1.510351e-03
12807         	-1.510351e-03
12808         	-1.510351e-03
12809         	-1.510351e-03
12810         	-1.510351e-03
12811         	-1.510351e-03
12812         	-1.510351e-03
12813         	-1.510351e-03
12814         	-1.510351e-03
12815         	-1.510351e-03
12816         	-1.510351e-03
12817         	-1.510351e-03
12818         	-1.510351e-03
12819         	-1.510351e-03
12820         	-1.510351e-03
12821         	-1.510351e-03
12822         	-1.510351e-03
12823         	-1.510351e-03
12824         	-1.510351e-03
12825         	-1.510351e-03
12826         	-1.510351e-03
12827         	-1.510351e-03
12828         	-1.510351e-03
12829         	-1.510351e-03
12830         	-1.510351e-03
12831         	-1.510351e-03
12832         	-1.510351e-03
12833         	-1.510351e-03
12834         	-1.510351e-03
12835         	-1.510351e-03
12836         	-1.510351e-03
12837         	-1.510351e-03
12838         	-1.510351e-03
12839         	-1.510351e-03
12840         	-1.510351e-03
12841         	-1.510351e-03
12842         	-1.510351e-03
12843         	-1.510351e-03
12844         	-1.510351e-03
12845         	-1.510351e-03
12846         	-1.510351e-03
12847         	-1.510351e-03
12848         	-1.510351e-03
12849         	-1.510351e-03
12850         	-1.510351e-03
12851         	-1.510351e-03
12852         	-1.510351e-03
12853         	-1.510351e-03
12854         	-1.510351e-03
12855         	-1.510351e-03
12856         	-1.510351e-03
12857         	-1.510351e-03
12858         	-1.510351e-03
12859         	-1.510351e-03
12860         	-1.510351e-03
12861         	-1.510351e-03
12862         	-1.510351e-03
12863         	-1.510351e-03
12864         	-1.510351e-03
12865         	-1.510351e-03
12866         	-1.510351e-03
12867         	-1.510351e-03
12868         	-1.510351e-03
12869         	-1.510351e-03
12870         	-1.510351e-03
12871         	-1.510351e-03
12872         	-1.510351e-03
12873         	-1.510351e-03
12874         	-1.510351e-03
12875         	-1.510351e-03
12876         	-1.510351e-03
12877         	-1.510351e-03
12878         	-1.510351e-03
12879         	-1.510351e-03
12880         	-1.510351e-03
12881         	-1.510351e-03
12882         	-1.510351e-03
12883         	-1.510351e-03
12884         	-1.510351e-03
12885         	-1.510351e-03
12886         	-1.510351e-03
12887         	-1.510351e-03
12888         	-1.510351e-03
12889         	-1.510351e-03
12890         	-1.510351e-03
12891         	-1.510351e-03
12892         	-1.510351e-03
12893         	-1.510351e-03
12894         	-1.510351e-03
12895         	-1.510351e-03
12896         	-1.510351e-03
12897         	-1.510351e-03
12898         	-1.510351e-03
12899         	-1.510351e-03
12900         	-1.510351e-03
12901         	-1.510351e-03
12902         	-1.510351e-03
12903         	-1.510351e-03
12904         	-1.510351e-03
12905         	-1.510351e-03
12906         	-1.510351e-03
12907         	-1.510351e-03
12908         	-1.510351e-03
12909         	-1.510351e-03
12910         	-1.510351e-03
12911         	-1.510351e-03
12912         	-1.510351e-03
12913         	-1.510351e-03
12914         	-1.510351e-03
12915         	-1.510351e-03
12916         	-1.510351e-03
12917         	-1.510351e-03
12918         	-1.510351e-03
12919         	-1.510351e-03
12920         	-1.510351e-03
12921         	-1.510351e-03
12922         	-1.510351e-03
12923         	-1.510351e-03
12924         	-1.510351e-03
12925         	-1.510351e-03
12926         	-1.510351e-03
12927         	-1.510351e-03
12928         	-1.510351e-03
12929         	-1.510351e-03
12930         	-1.510351e-03
12931         	-1.510351e-03
12932         	-1.510351e-03
12933         	-1.510351e-03
12934         	-1.510351e-03
12935         	-1.510351e-03
12936         	-1.510351e-03
12937         	-1.510351e-03
12938         	-1.510351e-03
12939         	-1.510351e-03
12940         	-1.510351e-03
12941         	-1.510351e-03
12942         	-1.510351e-03
12943         	-1.510351e-03
12944         	-1.510351e-03
12945         	-1.510351e-03
12946         	-1.510351e-03
12947         	-1.510351e-03
12948         	-1.510351e-03
12949         	-1.510351e-03
12950         	-1.510351e-03
12951         	-1.510351e-03
12952         	-1.510351e-03
12953         	-1.510351e-03
12954         	-1.510351e-03
12955         	-1.510351e-03
12956         	-1.510351e-03
12957         	-1.510351e-03
12958         	-1.510351e-03
12959         	-1.510351e-03
12960         	-1.510351e-03
12961         	-1.510351e-03
12962         	-1.510351e-03
12963         	-1.510351e-03
12964         	-1.510351e-03
12965         	-1.510351e-03
12966         	-1.510351e-03
12967         	-1.510351e-03
12968         	-1.510351e-03
12969         	-1.510351e-03
12970         	-1.510351e-03
12971         	-1.510351e-03
12972         	-1.510351e-03
12973         	-1.510351e-03
12974         	-1.510351e-03
12975         	-1.510351e-03
12976         	-1.510351e-03
12977         	-1.510351e-03
12978         	-1.510351e-03
12979         	-1.510351e-03
12980         	-1.510351e-03
12981         	-1.510351e-03
12982         	-1.510351e-03
12983         	-1.510351e-03
12984         	-1.510351e-03
12985         	-1.510351e-03
12986         	-1.510351e-03
12987         	-1.510351e-03
12988         	-1.510351e-03
12989         	-1.510351e-03
12990         	-1.510351e-03
12991         	-1.510351e-03
12992         	-1.510351e-03
12993         	-1.510351e-03
12994         	-1.510351e-03
12995         	-1.510351e-03
12996         	-1.510351e-03
12997         	-1.510351e-03
12998         	-1.510351e-03
12999         	-1.510351e-03
13000         	-1.510351e-03
13001         	-1.510351e-03
13002         	-1.510351e-03
13003         	-1.510351e-03
13004         	-1.510351e-03
13005         	-1.510351e-03
13006         	-1.510351e-03
13007         	-1.510351e-03
13008         	-1.510351e-03
13009         	-1.510351e-03
13010         	-1.510351e-03
13011         	-1.510351e-03
13012         	-1.510351e-03
13013         	-1.510351e-03
13014         	-1.510351e-03
13015         	-1.510351e-03
13016         	-1.510351e-03
13017         	-1.510351e-03
13018         	-1.510351e-03
13019         	-1.510351e-03
13020         	-1.510351e-03
13021         	-1.510351e-03
13022         	-1.510351e-03
13023         	-1.510351e-03
13024         	-1.510351e-03
13025         	-1.510351e-03
13026         	-1.510351e-03
13027         	-1.510351e-03
13028         	-1.510351e-03
13029         	-1.510351e-03
13030         	-1.510351e-03
13031         	-1.510351e-03
13032         	-1.510351e-03
13033         	-1.510351e-03
13034         	-1.510351e-03
13035         	-1.510351e-03
13036         	-1.510351e-03
13037         	-1.510351e-03
13038         	-1.510351e-03
13039         	-1.510351e-03
13040         	-1.510351e-03
13041         	-1.510351e-03
13042         	-1.510351e-03
13043         	-1.510351e-03
13044         	-1.510351e-03
13045         	-1.510351e-03
13046         	-1.510351e-03
13047         	-1.510351e-03
13048         	-1.510351e-03
13049         	-1.510351e-03
13050         	-1.510351e-03
13051         	-1.510351e-03
13052         	-1.510351e-03
13053         	-1.510351e-03
13054         	-1.510351e-03
13055         	-1.510351e-03
13056         	-1.510351e-03
13057         	-1.510351e-03
13058         	-1.510351e-03
13059         	-1.510351e-03
13060         	-1.510351e-03
13061         	-1.510351e-03
13062         	-1.510351e-03
13063         	-1.510351e-03
13064         	-1.510351e-03
13065         	-1.510351e-03
13066         	-1.510351e-03
13067         	-1.510351e-03
13068         	-1.510351e-03
13069         	-1.510351e-03
13070         	-1.510351e-03
13071         	-1.510351e-03
13072         	-1.510351e-03
13073         	-1.510351e-03
13074         	-1.510351e-03
13075         	-1.510351e-03
13076         	-1.510351e-03
13077         	-1.510351e-03
13078         	-1.510351e-03
13079         	-1.510351e-03
13080         	-1.510351e-03
13081         	-1.510351e-03
13082         	-1.510351e-03
13083         	-1.510351e-03
13084         	-1.510351e-03
13085         	-1.510351e-03
13086         	-1.510351e-03
13087         	-1.510351e-03
13088         	-1.510351e-03
13089         	-1.510351e-03
13090         	-1.510351e-03
13091         	-1.510351e-03
13092         	-1.510351e-03
13093         	-1.510351e-03
13094         	-1.510351e-03
13095         	-1.510351e-03
13096         	-1.510351e-03
13097         	-1.510351e-03
13098         	-1.510351e-03
13099         	-1.510351e-03
13100         	-1.510351e-03
13101         	-1.510351e-03
13102         	-1.510351e-03
13103         	-1.510351e-03
13104         	-1.510351e-03
13105         	-1.510351e-03
13106         	-1.510351e-03
13107         	-1.510351e-03
13108         	-1.510351e-03
13109         	-1.510351e-03
13110         	-1.510351e-03
13111         	-1.510351e-03
13112         	-1.510351e-03
13113         	-1.510351e-03
13114         	-1.510351e-03
13115         	-1.510351e-03
13116         	-1.510351e-03
13117         	-1.510351e-03
13118         	-1.510351e-03
13119         	-1.510351e-03
13120         	-1.510351e-03
13121         	-1.510351e-03
13122         	-1.510351e-03
13123         	-1.510351e-03
13124         	-1.510351e-03
13125         	-1.510351e-03
13126         	-1.510351e-03
13127         	-1.510351e-03
13128         	-1.510351e-03
13129         	-1.510351e-03
13130         	-1.510351e-03
13131         	-1.510351e-03
13132         	-1.510351e-03
13133         	-1.510351e-03
13134         	-1.510351e-03
13135         	-1.510351e-03
13136         	-1.510351e-03
13137         	-1.510351e-03
13138         	-1.510351e-03
13139         	-1.510351e-03
13140         	-1.510351e-03
13141         	-1.510351e-03
13142         	-1.510351e-03
13143         	-1.510351e-03
13144         	-1.510351e-03
13145         	-1.510351e-03
13146         	-1.510351e-03
13147         	-1.510351e-03
13148         	-1.510351e-03
13149         	-1.510351e-03
13150         	-1.510351e-03
13151         	-1.510351e-03
13152         	-1.510351e-03
13153         	-1.510351e-03
13154         	-1.510351e-03
13155         	-1.510351e-03
13156         	-1.510351e-03
13157         	-1.510351e-03
13158         	-1.510351e-03
13159         	-1.510351e-03
13160         	-1.510351e-03
13161         	-1.510351e-03
13162         	-1.510351e-03
13163         	-1.510351e-03
13164         	-1.510351e-03
13165         	-1.510351e-03
13166         	-1.510351e-03
13167         	-1.510351e-03
13168         	-1.510351e-03
13169         	-1.510351e-03
13170         	-1.510351e-03
13171         	-1.510351e-03
13172         	-1.510351e-03
13173         	-1.510351e-03
13174         	-1.510351e-03
13175         	-1.510351e-03
13176         	-1.510351e-03
13177         	-1.510351e-03
13178         	-1.510351e-03
13179         	-1.510351e-03
13180         	-1.510351e-03
13181         	-1.510351e-03
13182         	-1.510351e-03
13183         	-1.510351e-03
13184         	-1.510351e-03
13185         	-1.510351e-03
13186         	-1.510351e-03
13187         	-1.510351e-03
13188         	-1.510351e-03
13189         	-1.510351e-03
13190         	-1.510351e-03
13191         	-1.510351e-03
13192         	-1.510351e-03
13193         	-1.510351e-03
13194         	-1.510351e-03
13195         	-1.510351e-03
13196         	-1.510351e-03
13197         	-1.510351e-03
13198         	-1.510351e-03
13199         	-1.510351e-03
13200         	-1.510351e-03
13201         	-1.510351e-03
13202         	-1.510351e-03
13203         	-1.510351e-03
13204         	-1.510351e-03
13205         	-1.510351e-03
13206         	-1.510351e-03
13207         	-1.510351e-03
13208         	-1.510351e-03
13209         	-1.510351e-03
13210         	-1.510351e-03
13211         	-1.510351e-03
13212         	-1.510351e-03
13213         	-1.510351e-03
13214         	-1.510351e-03
13215         	-1.510351e-03
13216         	-1.510351e-03
13217         	-1.510351e-03
13218         	-1.510351e-03
13219         	-1.510351e-03
13220         	-1.510351e-03
13221         	-1.510351e-03
13222         	-1.510351e-03
13223         	-1.510351e-03
13224         	-1.510351e-03
13225         	-1.510351e-03
13226         	-1.510351e-03
13227         	-1.510351e-03
13228         	-1.510351e-03
13229         	-1.510351e-03
13230         	-1.510351e-03
13231         	-1.510351e-03
13232         	-1.510351e-03
13233         	-1.510351e-03
13234         	-1.510351e-03
13235         	-1.510351e-03
13236         	-1.510351e-03
13237         	-1.510351e-03
13238         	-1.510351e-03
13239         	-1.510351e-03
13240         	-1.510351e-03
13241         	-1.510351e-03
13242         	-1.510351e-03
13243         	-1.510351e-03
13244         	-1.510351e-03
13245         	-1.510351e-03
13246         	-1.510351e-03
13247         	-1.510351e-03
13248         	-1.510351e-03
13249         	-1.510351e-03
13250         	-1.510351e-03
13251         	-1.510351e-03
13252         	-1.510351e-03
13253         	-1.510351e-03
13254         	-1.510351e-03
13255         	-1.510351e-03
13256         	-1.510351e-03
13257         	-1.510351e-03
13258         	-1.510351e-03
13259         	-1.510351e-03
13260         	-1.510351e-03
13261         	-1.510351e-03
13262         	-1.510351e-03
13263         	-1.510351e-03
13264         	-1.510351e-03
13265         	-1.510351e-03
13266         	-1.510351e-03
13267         	-1.510351e-03
13268         	-1.510351e-03
13269         	-1.510351e-03
13270         	-1.510351e-03
13271         	-1.510351e-03
13272         	-1.510351e-03
13273         	-1.510351e-03
13274         	-1.510351e-03
13275         	-1.510351e-03
13276         	-1.510351e-03
13277         	-1.510351e-03
13278         	-1.510351e-03
13279         	-1.510351e-03
13280         	-1.510351e-03
13281         	-1.510351e-03
13282         	-1.510351e-03
13283         	-1.510351e-03
13284         	-1.510351e-03
13285         	-1.510351e-03
13286         	-1.510351e-03
13287         	-1.510351e-03
13288         	-1.510351e-03
13289         	-1.510351e-03
13290         	-1.510351e-03
13291         	-1.510351e-03
13292         	-1.510351e-03
13293         	-1.510351e-03
13294         	-1.510351e-03
13295         	-1.510351e-03
13296         	-1.510351e-03
13297         	-1.510351e-03
13298         	-1.510351e-03
13299         	-1.510351e-03
13300         	-1.510351e-03
13301         	-1.510351e-03
13302         	-1.510351e-03
13303         	-1.510351e-03
13304         	-1.510351e-03
13305         	-1.510351e-03
13306         	-1.510351e-03
13307         	-1.510351e-03
13308         	-1.510351e-03
13309         	-1.510351e-03
13310         	-1.510351e-03
13311         	-1.510351e-03
13312         	-1.510351e-03
13313         	-1.510351e-03
13314         	-1.510351e-03
13315         	-1.510351e-03
13316         	-1.510351e-03
13317         	-1.510351e-03
13318         	-1.510351e-03
13319         	-1.510351e-03
13320         	-1.510351e-03
13321         	-1.510351e-03
13322         	-1.510351e-03
13323         	-1.510351e-03
13324         	-1.510351e-03
13325         	-1.510351e-03
13326         	-1.510351e-03
13327         	-1.510351e-03
13328         	-1.510351e-03
13329         	-1.510351e-03
13330         	-1.510351e-03
13331         	-1.510351e-03
13332         	-1.510351e-03
13333         	-1.510351e-03
13334         	-1.510351e-03
13335         	-1.510351e-03
13336         	-1.510351e-03
13337         	-1.510351e-03
13338         	-1.510351e-03
13339         	-1.510351e-03
13340         	-1.510351e-03
13341         	-1.510351e-03
13342         	-1.510351e-03
13343         	-1.510351e-03
13344         	-1.510351e-03
13345         	-1.510351e-03
13346         	-1.510351e-03
13347         	-1.510351e-03
13348         	-1.510351e-03
13349         	-1.510351e-03
13350         	-1.510351e-03
13351         	-1.510351e-03
13352         	-1.510351e-03
13353         	-1.510351e-03
13354         	-1.510351e-03
13355         	-1.510351e-03
13356         	-1.510351e-03
13357         	-1.510351e-03
13358         	-1.510351e-03
13359         	-1.510351e-03
13360         	-1.510351e-03
13361         	-1.510351e-03
13362         	-1.510351e-03
13363         	-1.510351e-03
13364         	-1.510351e-03
13365         	-1.510351e-03
13366         	-1.510351e-03
13367         	-1.510351e-03
13368         	-1.510351e-03
13369         	-1.510351e-03
13370         	-1.510351e-03
13371         	-1.510351e-03
13372         	-1.510351e-03
13373         	-1.510351e-03
13374         	-1.510351e-03
13375         	-1.510351e-03
13376         	-1.510351e-03
13377         	-1.510351e-03
13378         	-1.510351e-03
13379         	-1.510351e-03
13380         	-1.510351e-03
13381         	-1.510351e-03
13382         	-1.510351e-03
13383         	-1.510351e-03
13384         	-1.510351e-03
13385         	-1.510351e-03
13386         	-1.510351e-03
13387         	-1.510351e-03
13388         	-1.510351e-03
13389         	-1.510351e-03
13390         	-1.510351e-03
13391         	-1.510351e-03
13392         	-1.510351e-03
13393         	-1.510351e-03
13394         	-1.510351e-03
13395         	-1.510351e-03
13396         	-1.510351e-03
13397         	-1.510351e-03
13398         	-1.510351e-03
13399         	-1.510351e-03
13400         	-1.510351e-03
13401         	-1.510351e-03
13402         	-1.510351e-03
13403         	-1.510351e-03
13404         	-1.510351e-03
13405         	-1.510351e-03
13406         	-1.510351e-03
13407         	-1.510351e-03
13408         	-1.510351e-03
13409         	-1.510351e-03
13410         	-1.510351e-03
13411         	-1.510351e-03
13412         	-1.510351e-03
13413         	-1.510351e-03
13414         	-1.510351e-03
13415         	-1.510351e-03
13416         	-1.510351e-03
13417         	-1.510351e-03
13418         	-1.510351e-03
13419         	-1.510351e-03
13420         	-1.510351e-03
13421         	-1.510351e-03
13422         	-1.510351e-03
13423         	-1.510351e-03
13424         	-1.510351e-03
13425         	-1.510351e-03
13426         	-1.510351e-03
13427         	-1.510351e-03
13428         	-1.510351e-03
13429         	-1.510351e-03
13430         	-1.510351e-03
13431         	-1.510351e-03
13432         	-1.510351e-03
13433         	-1.510351e-03
13434         	-1.510351e-03
13435         	-1.510351e-03
13436         	-1.510351e-03
13437         	-1.510351e-03
13438         	-1.510351e-03
13439         	-1.510351e-03
13440         	-1.510351e-03
13441         	-1.510351e-03
13442         	-1.510351e-03
13443         	-1.510351e-03
13444         	-1.510351e-03
13445         	-1.510351e-03
13446         	-1.510351e-03
13447         	-1.510351e-03
13448         	-1.510351e-03
13449         	-1.510351e-03
13450         	-1.510351e-03
13451         	-1.510351e-03
13452         	-1.510351e-03
13453         	-1.510351e-03
13454         	-1.510351e-03
13455         	-1.510351e-03
13456         	-1.510351e-03
13457         	-1.510351e-03
13458         	-1.510351e-03
13459         	-1.510351e-03
13460         	-1.510351e-03
13461         	-1.510351e-03
13462         	-1.510351e-03
13463         	-1.510351e-03
13464         	-1.510351e-03
13465         	-1.510351e-03
13466         	-1.510351e-03
13467         	-1.510351e-03
13468         	-1.510351e-03
13469         	-1.510351e-03
13470         	-1.510351e-03
13471         	-1.510351e-03
13472         	-1.510351e-03
13473         	-1.510351e-03
13474         	-1.510351e-03
13475         	-1.510351e-03
13476         	-1.510351e-03
13477         	-1.510351e-03
13478         	-1.510351e-03
13479         	-1.510351e-03
13480         	-1.510351e-03
13481         	-1.510351e-03
13482         	-1.510351e-03
13483         	-1.510351e-03
13484         	-1.510351e-03
13485         	-1.510351e-03
13486         	-1.510351e-03
13487         	-1.510351e-03
13488         	-1.510351e-03
13489         	-1.510351e-03
13490         	-1.510351e-03
13491         	-1.510351e-03
13492         	-1.510351e-03
13493         	-1.510351e-03
13494         	-1.510351e-03
13495         	-1.510351e-03
13496         	-1.510351e-03
13497         	-1.510351e-03
13498         	-1.510351e-03
13499         	-1.510351e-03
13500         	-1.510351e-03
13501         	-1.510351e-03
13502         	-1.510351e-03
13503         	-1.510351e-03
13504         	-1.510351e-03
13505         	-1.510351e-03
13506         	-1.510351e-03
13507         	-1.510351e-03
13508         	-1.510351e-03
13509         	-1.510351e-03
13510         	-1.510351e-03
13511         	-1.510351e-03
13512         	-1.510351e-03
13513         	-1.510351e-03
13514         	-1.510351e-03
13515         	-1.510351e-03
13516         	-1.510351e-03
13517         	-1.510351e-03
13518         	-1.510351e-03
13519         	-1.510351e-03
13520         	-1.510351e-03
13521         	-1.510351e-03
13522         	-1.510351e-03
13523         	-1.510351e-03
13524         	-1.510351e-03
13525         	-1.510351e-03
13526         	-1.510351e-03
13527         	-1.510351e-03
13528         	-1.510351e-03
13529         	-1.510351e-03
13530         	-1.510351e-03
13531         	-1.510351e-03
13532         	-1.510351e-03
13533         	-1.510351e-03
13534         	-1.510351e-03
13535         	-1.510351e-03
13536         	-1.510351e-03
13537         	-1.510351e-03
13538         	-1.510351e-03
13539         	-1.510351e-03
13540         	-1.510351e-03
13541         	-1.510351e-03
13542         	-1.510351e-03
13543         	-1.510351e-03
13544         	-1.510351e-03
13545         	-1.510351e-03
13546         	-1.510351e-03
13547         	-1.510351e-03
13548         	-1.510351e-03
13549         	-1.510351e-03
13550         	-1.510351e-03
13551         	-1.510351e-03
13552         	-1.510351e-03
13553         	-1.510351e-03
13554         	-1.510351e-03
13555         	-1.510351e-03
13556         	-1.510351e-03
13557         	-1.510351e-03
13558         	-1.510351e-03
13559         	-1.510351e-03
13560         	-1.510351e-03
13561         	-1.510351e-03
13562         	-1.510351e-03
13563         	-1.510351e-03
13564         	-1.510351e-03
13565         	-1.510351e-03
13566         	-1.510351e-03
13567         	-1.510351e-03
13568         	-1.510351e-03
13569         	-1.510351e-03
13570         	-1.510351e-03
13571         	-1.510351e-03
13572         	-1.510351e-03
13573         	-1.510351e-03
13574         	-1.510351e-03
13575         	-1.510351e-03
13576         	-1.510351e-03
13577         	-1.510351e-03
13578         	-1.510351e-03
13579         	-1.510351e-03
13580         	-1.510351e-03
13581         	-1.510351e-03
13582         	-1.510351e-03
13583         	-1.510351e-03
13584         	-1.510351e-03
13585         	-1.510351e-03
13586         	-1.510351e-03
13587         	-1.510351e-03
13588         	-1.510351e-03
13589         	-1.510351e-03
13590         	-1.510351e-03
13591         	-1.510351e-03
13592         	-1.510351e-03
13593         	-1.510351e-03
13594         	-1.510351e-03
13595         	-1.510351e-03
13596         	-1.510351e-03
13597         	-1.510351e-03
13598         	-1.510351e-03
13599         	-1.510351e-03
13600         	-1.510351e-03
13601         	-1.510351e-03
13602         	-1.510351e-03
13603         	-1.510351e-03
13604         	-1.510351e-03
13605         	-1.510351e-03
13606         	-1.510351e-03
13607         	-1.510351e-03
13608         	-1.510351e-03
13609         	-1.510351e-03
13610         	-1.510351e-03
13611         	-1.510351e-03
13612         	-1.510351e-03
13613         	-1.510351e-03
13614         	-1.510351e-03
13615         	-1.510351e-03
13616         	-1.510351e-03
13617         	-1.510351e-03
13618         	-1.510351e-03
13619         	-1.510351e-03
13620         	-1.510351e-03
13621         	-1.510351e-03
13622         	-1.510351e-03
13623         	-1.510351e-03
13624         	-1.510351e-03
13625         	-1.510351e-03
13626         	-1.510351e-03
13627         	-1.510351e-03
13628         	-1.510351e-03
13629         	-1.510351e-03
13630         	-1.510351e-03
13631         	-1.510351e-03
13632         	-1.510351e-03
13633         	-1.510351e-03
13634         	-1.510351e-03
13635         	-1.510351e-03
13636         	-1.510351e-03
13637         	-1.510351e-03
13638         	-1.510351e-03
13639         	-1.510351e-03
13640         	-1.510351e-03
13641         	-1.510351e-03
13642         	-1.510351e-03
13643         	-1.510351e-03
13644         	-1.510351e-03
13645         	-1.510351e-03
13646         	-1.510351e-03
13647         	-1.510351e-03
13648         	-1.510351e-03
13649         	-1.510351e-03
13650         	-1.510351e-03
13651         	-1.510351e-03
13652         	-1.510351e-03
13653         	-1.510351e-03
13654         	-1.510351e-03
13655         	-1.510351e-03
13656         	-1.510351e-03
13657         	-1.510351e-03
13658         	-1.510351e-03
13659         	-1.510351e-03
13660         	-1.510351e-03
13661         	-1.510351e-03
13662         	-1.510351e-03
13663         	-1.510351e-03
13664         	-1.510351e-03
13665         	-1.510351e-03
13666         	-1.510351e-03
13667         	-1.510351e-03
13668         	-1.510351e-03
13669         	-1.510351e-03
13670         	-1.510351e-03
13671         	-1.510351e-03
13672         	-1.510351e-03
13673         	-1.510351e-03
13674         	-1.510351e-03
13675         	-1.510351e-03
13676         	-1.510351e-03
13677         	-1.510351e-03
13678         	-1.510351e-03
13679         	-1.510351e-03
13680         	-1.510351e-03
13681         	-1.510351e-03
13682         	-1.510351e-03
13683         	-1.510351e-03
13684         	-1.510351e-03
13685         	-1.510351e-03
13686         	-1.510351e-03
13687         	-1.510351e-03
13688         	-1.510351e-03
13689         	-1.510351e-03
13690         	-1.510351e-03
13691         	-1.510351e-03
13692         	-1.510351e-03
13693         	-1.510351e-03
13694         	-1.510351e-03
13695         	-1.510351e-03
13696         	-1.510351e-03
13697         	-1.510351e-03
13698         	-1.510351e-03
13699         	-1.510351e-03
13700         	-1.510351e-03
13701         	-1.510351e-03
13702         	-1.510351e-03
13703         	-1.510351e-03
13704         	-1.510351e-03
13705         	-1.510351e-03
13706         	-1.510351e-03
13707         	-1.510351e-03
13708         	-1.510351e-03
13709         	-1.510351e-03
13710         	-1.510351e-03
13711         	-1.510351e-03
13712         	-1.510351e-03
13713         	-1.510351e-03
13714         	-1.510351e-03
13715         	-1.510351e-03
13716         	-1.510351e-03
13717         	-1.510351e-03
13718         	-1.510351e-03
13719         	-1.510351e-03
13720         	-1.510351e-03
13721         	-1.510351e-03
13722         	-1.510351e-03
13723         	-1.510351e-03
13724         	-1.510351e-03
13725         	-1.510351e-03
13726         	-1.510351e-03
13727         	-1.510351e-03
